0.13228336283
0.132019851685
0.132064969151
0.132071394549
0.132042899307
0.132054562801
0.132049464387
0.150248984159
0.131927591356
0.135671014053
0.13213320408
0.132119864396
0.133438537579
0.132130759636
0.132277496162
0.13212719773
0.132117280269
0.132062105659
0.132085991376
0.1320862009
0.132007838985
0.13205833423
0.132081521534
0.132015591367
0.132339445376
0.132095419949
0.132924016879
0.132146473923
0.131969426282
0.132183489801
0.132078378677
0.132051559626
0.131947985009
0.132018804066
0.132289997751
0.132131807255
0.133021515304
0.132046600895
0.132220156472
0.132017896129
0.132171686625
0.132094302488
0.132045134228
0.132272956479
0.132098004076
0.131979483426
0.132036683433
0.132838391472
0.1341474964
0.132106804077
0.132034658036
0.133131445477
0.132261153303
0.132003159619
0.132054562801
0.132068391374
0.132054353277
0.132088296138
0.132004137397
0.131996035809
0.132058753277
0.132147242177
0.132154994559
0.132055470737
0.132067204072
0.132088086614
0.13203486756
0.132148080273
0.132121889793
0.132040175497
0.132094162806
0.132141096145
0.132010562795
0.132110924712
0.13220255647
0.132089134234
0.132864093062
0.132044365974
0.132080613598
0.132109597728
0.132137185033
0.132047369149
0.131987794538
0.139726487584
0.132426677134
0.132148219955
0.132006302477
0.132140397732
0.132124334238
0.132081451693
0.132068670739
0.132116721539
0.13212824535
0.131985559617
0.132047648514
0.132142423129
0.132083407249
0.132011261208
0.132025648511
0.132033819941
0.132020061209
0.132133134239
0.132031375496
0.132095070742
0.132053654864
0.132281546956
0.13196823898
0.133554404261
0.132099610425
0.132063921532
0.131957902471
0.132207864407
0.132149616781
0.132053305658
0.131942258024
0.132178112023
0.132170708847
0.132074886613
0.13201028343
0.132160651703
0.132123635825
0.132092277091
0.132098353282
0.132134740589
0.132819115279
0.132222531076
0.132005883429
0.132115813602
0.132189496151
0.132160861227
0.132068042167
0.132110505665
0.132150524718
0.132132785033
0.132010912001
0.132170289799
0.132095838996
0.132039896132
0.132085223122
0.132131946937
0.13212880408
0.132041851688
0.132010423112
0.132005254858
0.132129013604
0.132066086612
0.133393001066
0.132877223223
0.133024378797
0.132127756461
0.131980321521
0.132107223125
0.132141724716
0.132113438999
0.13201628978
0.132905020051
0.132105267569
0.132107083442
0.132099819949
0.132095280266
0.13191690564
0.132101775505
0.132067134231
0.13204415645
0.132081661217
0.132066645342
0.132101286616
0.132047299308
0.132143400907
0.132030258036
0.132092905663
0.132166099323
0.132080334232
0.13208564217
0.132120423126
0.132934074023
0.132098353282
0.1320906009
0.131984372315
0.13305022007
0.13206601677
0.13205833423
0.132106315188
0.132142004082
0.132032353274
0.132194454882
0.132139699319
0.132098981854
0.132062245341
0.131996804063
0.132051699308
0.132649121606
0.132140397732
0.132151642178
0.132034029465
0.132060918357
0.132039686608
0.132067204072
0.13205288661
0.13207691201
0.133005381969
0.132073559628
0.132090112011
0.132132994557
0.132032492957
0.131955248502
0.132052467562
0.132034658036
0.132704296216
0.132138372335
0.132006651683
0.132108689792
0.132157439004
0.132049743752
0.132112531062
0.132117559634
0.132186772341
0.132050232641
0.132062105659
0.132124264397
0.132140188208
0.132141585034
0.132111134236
0.132032073909
0.132098842171
0.132085223122
0.132094651695
0.132147661225
0.132132785033
0.132073000898
0.132088435821
0.132090321535
0.132190264405
0.132120283444
0.132132016779
0.13212063265
0.132114416776
0.132131458048
0.132082638995
0.13221841044
0.132133064398
0.132032492957
0.132010981843
0.137072938041
0.132139489795
0.132065946929
0.132048975498
0.132115813602
0.132083197725
0.132096677092
0.132080683439
0.131978505648
0.132112740586
0.132085572328
0.132112181856
0.132108829474
0.13223147076
0.132022575495
0.131957762788
0.13203102629
0.13219815647
0.132069508834
0.132199343771
0.132110296141
0.132188169167
0.131997991365
0.132013426287
0.132046461212
0.132104010426
0.132065946929
0.132059381849
0.132044296133
0.132105058045
0.132930512118
0.132054213594
0.132082010423
0.132055191372
0.132064480262
0.132088715186
0.132939731167
0.132024880257
0.13198898184
0.131978156442
0.132106245347
0.132060918357
0.133057902611
0.132028092956
0.132064550103
0.131908454846
0.132155692972
0.132068880263
0.132056937404
0.132205140597
0.1320217374
0.132010772319
0.132004207239
0.132199343771
0.132077889788
0.132044086609
0.131995896126
0.132085991376
0.132015172319
0.13206601677
0.132074258041
0.132101426299
0.132009515176
0.132094721536
0.132173083451
0.131959089773
0.132022016765
0.132066994548
0.132046112006
0.132095350107
0.132058753277
0.132031375496
0.132076004073
0.132161210433
0.133058601023
0.132007070731
0.132088016773
0.131950988184
0.132080543756
0.132032632639
0.132086550106
0.132048346927
0.132038080259
0.132072861216
0.132021108828
0.132078238994
0.132060289785
0.132858785125
0.132075864391
0.132101146933
0.131970823107
0.132071604073
0.132090950107
0.132097235822
0.132057496134
0.132036404068
0.132070626295
0.132083546931
0.132026835813
0.132068880263
0.132036124703
0.133286353433
0.132049953276
0.132005185017
0.132026556448
0.132115324713
0.131957134217
0.132050232641
0.132063712008
0.132089064392
0.132186423135
0.132162956465
0.133113356586
0.132074258041
0.133040162926
0.132078099312
0.132009096128
0.132103381854
0.132090321535
0.132087108836
0.13209933106
0.132110296141
0.132126289794
0.133126975635
0.131975781838
0.132103940585
0.132060848516
0.132062804071
0.132034099306
0.132136835827
0.132091508837
0.13199498819
0.132107642172
0.133021934352
0.132176226308
0.132025718352
0.132062873913
0.132035216766
0.132102194553
0.132034518354
0.132066226294
0.13206874058
0.13213809297
0.13207530566
0.132060359627
0.132136905668
0.13208019455
0.132302708864
0.132055191372
0.134219572599
0.132062664389
0.132081940582
0.132058194547
0.132028232639
0.132130899318
0.132112112014
0.132068531056
0.13210421995
0.132161070751
0.132140327891
0.13208948344
0.137371858714
0.132100029473
0.132145356463
0.132141305669
0.132044785022
0.133344251853
0.132141026304
0.13196279136
0.132258918382
0.133343693123
0.132148988209
0.132807870833
0.131993032634
0.132097724711
0.132060848516
0.132150454876
0.132039267561
0.132052537403
0.132144937415
0.132772112098
0.131988283427
0.134368404364
0.132241807269
0.132042899307
0.132104499315
0.132100448521
0.132075654867
0.132129432651
0.132100238997
0.132060918357
0.132020829463
0.132041642164
0.13209933106
0.132170150117
0.131995407238
0.132124194555
0.132007280255
0.132857667664
0.132053165975
0.132112042173
0.132166239005
0.132137254875
0.13217741361
0.132082010423
0.132054912007
0.132086550106
0.132043248513
0.132091508837
0.132104918363
0.132144727891
0.131977108822
0.131939604056
0.13335828995
0.132132505668
0.132173781863
0.132600302552
0.132137464398
0.132204092978
0.132096397727
0.132129292969
0.132135648525
0.132233007268
0.133106931188
0.132008607239
0.132032562798
0.132075585025
0.132115464396
0.131993032634
0.131964537392
0.132036962798
0.132381908874
0.131996245333
0.132118816777
0.132194175517
0.132155134242
0.132175597737
0.1320501628
0.132142143764
0.132189635834
0.132139978684
0.132106524712
0.132103242172
0.132209750122
0.132105407251
0.132091788202
0.131993311999
0.132174759641
0.132009934223
0.132158346941
0.132140327891
0.132102823124
0.132993858158
0.131987165967
0.132968086726
0.132074397724
0.13206818185
