0.136112899824
0.136199014121
0.136105636331
0.136003947429
0.136066874421
0.136183020468
0.136073509343
0.136014004573
0.136254258572
0.136010582351
0.136035376004
0.136082588709
0.136116461729
0.136268156986
0.136082518868
0.136107382363
0.13612854427
0.136055699817
0.136066944262
0.136105147442
0.136055210928
0.136171496657
0.136041591878
0.135932010912
0.135998360127
0.13607553474
0.136080423629
0.13611981411
0.136055979182
0.136132106176
0.136045153784
0.136010442668
0.136074556962
0.136132455382
0.136088315694
0.135989699808
0.13613182681
0.135686379135
0.136064918865
0.136060029976
0.136098163314
0.136174569673
0.136132734747
0.136083426804
0.136147960146
0.136068131564
0.136117090301
0.13604662045
0.136119674428
0.136058214103
0.136061007754
0.136137623637
0.13602364267
0.136237706189
0.136050671245
0.13602203632
0.136083287122
0.135994868063
0.136170239514
0.136275560162
0.136055769658
0.13600234108
0.136068271247
0.136178480785
0.136034468068
0.136081331566
0.136161229989
0.136016868066
0.136186722055
0.1359641379
0.136131477604
0.136079445851
0.136050112514
0.135986207744
0.136112410935
0.135996683936
0.13610451887
0.1360482268
0.136015541081
0.136026156956
0.13602692521
0.136020569653
0.136105776013
0.136041242672
0.136158855385
0.136043198228
0.136057445849
0.13618804904
0.13603349029
0.136140696653
0.136080214105
0.13617058872
0.136305801436
0.136587960202
0.136102423632
0.136056049023
0.13606079823
0.146230107458
0.136018893463
0.135881445826
0.136221433171
0.136122677603
0.135960087106
0.136093972837
0.136124982365
0.136059960135
0.136069947437
0.136135039509
0.136128474429
0.136103890299
0.136035795052
0.136164372846
0.136107661728
0.136182741103
0.136033280766
0.136019382352
0.13606191569
0.136119604587
0.136087896646
0.136088315694
0.136079864899
0.136107382363
0.136110036331
0.136084404582
0.136086499821
0.136087477598
0.136001712508
0.136124283952
0.136203204597
0.136143629986
0.135960995043
0.136072391882
0.13614816967
0.136155782369
0.136062055373
0.136111782363
0.136090480773
0.136101515695
0.136098791886
0.136134271255
0.136568055437
0.136023153781
0.136025947432
0.136120652206
0.136025039495
0.136039985529
0.136151382368
0.136056258547
0.135834931535
0.136215007773
0.13625907762
0.136098302997
0.136110595062
0.135991096634
0.136129452207
0.136074906168
0.136025388702
0.136060658547
0.136108639506
0.136086569662
0.136055420451
0.136013515684
0.13604277918
0.136145725225
0.136084195058
0.135966722028
0.136037820449
0.1358876617
0.136043687117
0.136092925218
0.136791826894
0.136591941155
0.136134620462
0.136125122048
0.136073509343
0.136038309338
0.136083636328
0.136123934746
0.136057376007
0.136060309341
0.136720099901
0.13612854427
0.135964417265
0.13672275387
0.136056537912
0.136094322044
0.136056747436
0.136020150606
0.136078607756
0.136231071267
0.136063801405
0.136016449018
0.136063242675
0.136043268069
0.136153826813
0.13602476013
0.136378855413
0.136013725208
0.136106264902
0.136047458546
0.136058353785
0.136116810935
0.135946049009
0.136089712519
0.136678963388
0.137161147576
0.13603076648
0.135977966473
0.136409585576
0.136303566515
0.136113737919
0.135990118856
0.1361006776
0.136047598228
0.136110734744
0.135998918857
0.136170099831
0.137391065066
0.136060518865
0.136033699814
0.136036074417
0.136202995073
0.136022525209
0.13610451887
0.136151591892
0.135997102984
0.13607609347
0.136164931576
0.136139090303
0.136111153792
0.136113318872
0.136089922043
0.135908683925
0.13610396014
0.136080283947
0.136305591912
0.13604550299
0.136103890299
0.136089642678
0.136106264902
0.13610668395
0.136010442668
0.13609851252
0.136122817285
0.136050391879
0.136042918863
0.13604990299
0.137145992019
0.135912455354
0.135974125203
0.136308664928
0.136035376004
0.136157807766
0.136007160128
0.136106404585
0.136123655381
0.137412017449
0.136174918879
0.136136576017
0.136039287116
0.136079026804
0.136109896649
0.136092785536
0.136169541101
0.136172264911
0.136057026801
0.136018683939
0.136160252211
0.136099071251
0.136045293466
0.136203553804
0.136558207817
0.136050322038
0.136153407766
0.136090969662
0.136124842683
0.136044315688
0.136158715703
0.136126379191
0.136136785541
0.136050182356
0.136198176025
0.135996753777
0.136049623625
0.136095718869
0.136109477601
0.136070785533
0.136120652206
0.136155712528
0.136169960149
0.13604277918
0.136136366494
0.136116950618
0.136032442671
0.136145934749
0.136122956968
0.136130569667
0.136055629975
0.136100328394
0.136157528401
0.136115134745
0.136048925213
0.13600946489
0.13609467125
0.13601602997
0.136127566492
0.136147680781
0.136086220455
0.136116461729
0.13604222045
0.136150753797
0.136295325244
0.136148239511
0.136197407771
0.136155642686
0.136693420532
0.136081261725
0.136079795058
0.136055280769
0.136010233144
0.136186372849
0.136124353794
0.136177433165
0.136011210922
0.136049623625
0.1361727538
0.136061217278
0.136128195064
0.135996264888
0.136148379193
0.135967490282
0.136085661725
0.136054442674
0.136168982371
0.136100328394
0.136162836338
0.136009115684
0.136124982365
0.136162347449
0.135960017265
0.136890163415
0.136025249019
0.136170728403
0.136050671245
0.136037261719
0.136013166478
0.136133153795
0.136100468076
0.136029998226
0.136023433146
0.136112271252
0.13603460775
0.136136855382
0.136074766486
0.13609411252
0.136092226805
0.136089293472
0.135917204561
0.136134061731
0.136081261725
0.136133782366
0.136077909343
0.136044595053
0.136090550615
0.136044455371
0.136085312519
0.136048296641
0.136142652209
0.136072880771
0.136234982379
0.136105217283
0.136396315733
0.136124004587
0.136308455404
0.136112061729
0.136129033159
0.13602692521
0.13602748394
0.136131617287
0.136086639503
0.136228277616
0.136274652225
0.13604990299
0.136139090303
0.136069947437
0.136084195058
0.136028880766
0.136003598223
0.136167445863
0.136065896643
0.136433052245
0.136081610931
0.136083007757
0.13600401727
0.13610724268
0.13613888078
0.136193217294
0.136052976007
0.135969864885
0.136041731561
0.135971680758
0.136043268069
0.136072601406
0.135993471237
0.136044036323
0.13600834743
0.136072182358
0.136065128389
0.136010442668
0.136088455376
0.135989071237
0.136053325213
0.136040195053
0.136055420451
0.136073998232
0.136366703031
0.136084474423
0.136141604589
0.136136436335
0.136172264911
0.136140068081
0.136082728391
0.136150544273
0.136071414104
0.13632186493
0.135709007709
0.136162906179
0.136130499826
0.136138042684
0.136130290302
0.136267109367
0.136101725219
0.136150334749
0.136226880791
0.13606191569
0.136036144259
0.136142442685
0.137076360264
0.136011979176
0.136055001404
0.136119604587
0.136239312538
0.136139649034
0.136084753789
0.136146703003
0.136099909346
0.136041172831
0.136111922046
0.136417757005
0.136026156956
0.136060588706
0.13609795379
0.135809509309
0.13606896966
0.136190912532
0.13613888078
0.136027972829
0.136109756966
0.136278004607
0.136096207758
0.136099909346
0.136539909402
0.136033839496
0.135969096631
0.136134410938
0.136077979185
0.136312785564
0.13609956014
0.138479192188
0.136073160136
0.136137483954
0.136196429993
0.136088595059
0.139083179566
0.136151941099
0.136083426804
0.136084963312
0.135986556951
0.136010652192
0.136147331574
0.136058772833
0.136407280814
0.136158855385
0.136073299819
0.136050112514
0.136132315699
0.136072950612
0.136070436326
0.136076442676
0.136169820466
0.136231490315
0.136064360135
0.136065058548
0.136144258558
0.136130429985
0.136074417279
0.136100468076
0.136095299822
0.136103750616
0.136187234573